city	zip	longitude	latitude	views
Ljubljana	1000	14.506	46.057	56300
Ljubljana – P.P.	1001	14.506	46.057	3780
Ljubljana – Šentvid	1210	14.453	46.104	416
Ljubljana – Šmartno	1211	14.479	46.13	433
Medvode	1215	14.403	46.142	749
Smlednik	1216	14.434	46.166	7
Vodice	1217	14.494	46.19	937
Komenda	1218	14.539	46.205	178
Laze v Tuhinju	1219	14.76	46.219	88
Motnik	1221	14.885	46.215	1
Trojane	1222	14.884	46.188	192
Blagovica	1223	14.804	46.176	6
Lukovica	1225	14.79	46.182	390
Domžale	1230	14.594	46.142	2540
Ljubljana – Črnuče	1231	14.556	46.101	358
Dob	1233	14.628	46.152	2180
Mengeš	1234	14.572	46.166	1090
Radomlje	1235	14.611	46.174	130
Trzin	1236	14.561	46.131	182
Kamnik	1241	14.607	46.222	1910
Stahovica	1242	14.606	46.27	58
Moravče	1251	14.744	46.136	352
Vače	1252	14.838	46.12	7
Ljubljana – Polje	1260	14.616	46.064	2180
Ljubljana – Dobrunje	1261	14.605	46.031	146
Dol pri Ljubljani	1262	14.64	46.087	10
Litija	1270	14.827	46.059	667
Polšnik	1272	14.961	46.068	0
Dole pri Litiji	1273	15.022	46.03	1
Gabrovka	1274	14.987	46.0	6
Šmartno pri Litiji	1275	14.841	46.046	9
Primskovo	1276	14.91	45.972	7
Kresnice	1281	14.785	46.102	8
Sava	1282	14.995	46.151	5530
Grosuplje	1290	14.659	45.956	819
Škofljica	1291	14.575	45.984	498
Ig	1292	14.528	45.959	6600
Šmarje – Sap	1293	14.617	45.974	100
Višnja Gora	1294	14.744	45.955	193
Ivančna Gorica	1295	14.796	45.919	968
Šentvid pri Stični	1296	14.839	45.954	110
Krka	1301	15.526	45.881	3160
Zagradec	1303	14.834	45.86	26
Ribnica	1310	14.727	45.74	1430
Turjak	1311	14.61	45.878	5
Videm – Dobrepolje	1312	14.695	45.849	3
Struge	1313	14.77	45.796	8
Rob	1314	14.571	45.848	25800
Velike Lašče	1315	14.636	45.834	10
Ortnek	1316	14.68	45.791	3
Sodražica	1317	14.636	45.762	10
Loški Potok	1318	14.599	45.691	6
Draga	1319	14.549	45.94	9230
Kočevje	1330	14.863	45.641	1090
Dolenja vas	1331	14.755	45.708	445
Stara Cerkev	1332	14.84	45.67	9
Kostel	1336	14.909	45.508	199
Osilnica	1337	14.698	45.529	10
Kočevska Reka	1338	14.8	45.575	4
Brezovica pri Ljubljani	1351	14.417	46.024	913
Preserje	1352	14.418	45.956	93
Borovnica	1353	14.364	45.919	654
Horjul	1354	14.299	46.023	9
Polhov Gradec	1355	14.312	46.066	10
Dobrova	1356	14.414	46.054	683
Notranje Gorice	1357	14.4	45.987	9
Log pri Brezovici	1358	14.359	46.008	164
Vrhnika	1360	14.297	45.967	2850
Logatec	1370	14.229	45.917	788
Logatec	1371	14.229	45.917	788
Hotedršica	1372	14.14	45.93	5
Rovte	1373	14.178	45.986	6
Cerknica	1380	14.392	45.797	982
Rakek	1381	14.317	45.813	107
Begunje pri Cerknici	1382	14.383	45.818	7
Grahovo	1384	14.424	45.77	127
Nova vas	1385	14.506	45.773	3840
Stari trg pri Ložu	1386	14.471	45.715	165
Zagorje ob Savi	1410	14.995	46.135	851
Izlake	1411	14.93	46.154	46
Kisovec	1412	14.962	46.14	8
Čemšenik	1413	14.944	46.18	1
Podkum	1414	15.034	46.07	4
Trbovlje	1420	15.045	46.15	2110
Dobovec	1423	15.059	46.111	9
Hrastnik	1430	15.084	46.142	1210
Dol pri Hrastniku	1431	15.116	46.141	492
Zidani Most	1432	15.173	46.085	2
Radeče	1433	15.182	46.066	7
Loka pri Zidanem Mostu	1434	15.208	46.056	6
Maribor	2000	15.646	46.555	17800
Maribor – P.P.	2001	15.646	46.555	1610
Zgornja Kungota	2201	15.614	46.638	2180
Miklavž na Dravskem polju	2204	15.695	46.508	157
Starše	2205	15.748	46.464	9
Marjeta na Dravskem polju	2206	15.727	46.462	3
Pohorje	2208	15.41	46.51	779
Pesnica pri Mariboru	2211	15.676	46.609	473
Šentilj v Slovenskih goricah	2212	15.657	46.677	5
Zgornja Velka	2213	15.763	46.682	5
Sladki Vrh	2214	15.735	46.697	2
Ceršak	2215	15.668	46.699	2
Jarenina	2221	15.693	46.644	3
Jakobski Dol	2222	15.744	46.637	6
Jurovski Dol	2223	15.786	46.606	4
Malečnik	2229	15.697	46.556	50
Lenart v Slovenskih goricah	2230	15.826	46.583	9
Pernica	2231	15.727	46.579	174
Voličina	2232	15.84	46.53	6
Sv. Ana v Slovenskih goricah	2233	15.845	46.65	6
Benedikt	2234	15.89	46.608	6
Sv. Trojica v Slovenskih goricah	2235	15.879	46.577	3
Cerkvenjak	2236	15.943	46.567	71
Spodnji Duplek	2241	15.755	46.501	10
Zgornja Korena	2242	15.776	46.528	2
Ptuj	2250	15.87	46.42	4090
Dornava	2252	15.953	46.436	8
Destrnik	2253	15.878	46.492	4
Trnovska vas	2254	15.887	46.52	8
Vitomarci	2255	15.933	46.526	5
Juršinc	2256	15.981	46.49	0
Polenšak	2257	16.001	46.471	2
Sveti Tomaž	2258	16.079	46.484	1
Ivanjkovci	2259	16.151	46.465	10
Ormož	2270	16.154	46.435	1160
Gorišnica	2272	16.013	46.412	857
Podgorci	2273	16.058	46.427	5
Velika Nedelja	2274	16.11	46.42	5
Miklavž pri Ormožu	2275	16.214	46.458	3
Kog	2276	16.243	46.468	9
Središče ob Dravi	2277	16.27	46.396	8
Markovci	2281	15.959	46.388	130
Cirkulane	2282	15.998	46.33	10
Zavrč	2283	16.047	46.386	10
Videm pri Ptuju	2284	15.9	46.37	503
Zgornji Leskovec	2285	15.936	46.329	5
Podlehnik	2286	15.879	46.331	104
Žetale	2287	15.791	46.274	4
Hajdina	2288	15.824	46.419	94
Stoperce	2289	15.714	46.285	39
Slovenska Bistrica	2310	15.573	46.392	1870
Hoče	2311	15.648	46.478	1110
Orehova vas	2312	15.667	46.472	113
Fram	2313	15.633	46.454	10
Zgornja Polskava	2314	15.61	46.426	88
Šmartno na Pohorju	2315	15.54	46.445	10
Zgornja Ložnica	2316	15.514	46.389	10
Oplotnica	2317	15.446	46.387	40
Laporje	2318	15.593	46.348	6
Poljčane	2319	15.578	46.314	103
Makole	2321	15.666	46.317	2
Majšperk	2322	15.737	46.339	919
Ptujska Gora	2323	15.76	46.355	115
Lovrenc na Dravskem polju	2324	15.782	46.373	7
Kidričevo	2325	15.795	46.405	641
Cirkovce	2326	15.728	46.395	6
Rače	2327	15.678	46.454	50300
Pragersko	2331	15.659	46.395	136
Limbuš	2341	15.582	46.555	49
Ruše	2342	15.507	46.54	162
Fala	2343	15.452	46.547	6
Lovrenc na Pohorju	2344	15.388	46.54	191
Bistrica ob Dravi	2345	15.551	46.554	10
Kamnica	2351	15.613	46.573	5
Selnica ob Dravi	2352	15.487	46.579	197
Sveti Duh na Ostrem Vrhu	2353	15.461	46.615	1
Bresternica	2354	15.579	46.568	44
Radlje ob Dravi	2360	15.226	46.614	1860
Ožbalt	2361	15.392	46.584	3
Kapla	2362	15.008	46.248	8
Podvelka	2363	15.389	46.622	7
Ribnica na Pohorju	2364	15.267	46.536	9
Vuhred	2365	15.236	46.595	1
Muta	2366	15.163	46.61	17900
Vuzenica	2367	15.155	46.565	9
Dravograd	2370	15.025	46.589	855
Trbonje	2371	15.105	46.602	1
Libeliče	2372	14.948	46.62	1
Šentjanž pri Dravogradu	2373	15.037	46.563	9
Slovenj Gradec	2380	15.077	46.508	2020
Podgorje pri Slovenj Gradcu	2381	15.046	46.462	6
Mislinja	2382	15.199	46.444	10
Šmartno pri Slovenj Gradcu	2383	15.106	46.493	753
Ravne na Koroškem	2390	14.966	46.545	494
Prevalje	2391	14.92	46.547	119
Mežica	2392	14.852	46.521	390
Črna na Koroškem	2393	14.85	46.47	683
Kotlje	2394	14.986	46.52	32
Celje	3000	15.268	46.24	6710
Celje – P.P.	3001	15.268	46.24	3
Šmartno v Rožni dolini	3201	15.238	46.291	87
Ljubečna	3202	15.32	46.264	8
Nova Cerkev	3203	15.285	46.313	10
Vitanje	3205	15.295	46.382	6
Stranice	3206	15.366	46.364	1910
Slovenske Konjice	3210	15.421	46.337	1630
Škofja vas	3211	15.29	46.269	865
Vojnik	3212	15.302	46.292	686
Frankolovo	3213	15.316	46.327	2
Zreče	3214	15.392	46.37	557
Loče	3215	15.497	46.302	113
Štore	3220	15.313	46.222	393000
Teharje	3221	15.302	46.229	161
Dramlje	3222	15.393	46.271	28
Loka pri Žusmu	3223	15.515	46.158	3
Dobje pri Planini	3224	15.394	46.137	1
Planina pri Sevnici	3225	15.405	46.104	6
Šentjur	3230	15.395	46.216	662
Grobelno	3231	15.447	46.215	7
Ponikva	3232	15.444	46.254	104
Kalobje	3233	15.393	46.169	0
Šmarje pri Jelšah	3240	15.587	46.201	875
Podplat	3241	15.575	46.245	60
Rogaška Slatina	3250	15.638	46.233	1230
Rogatec	3252	15.7	46.226	1670
Pristava pri Mestinju	3253	15.596	46.196	5
Podčetrtek	3254	15.601	46.174	671
Buče	3255	15.58	46.105	3
Bistrica ob Sotli	3256	15.663	46.057	6
Podsreda	3257	15.59	46.04	168
Kozje	3260	15.536	46.089	4
Lesično	3261	15.519	46.102	1
Prevorje	3262	15.483	46.123	0
Gorica pri Slivnici	3263	15.431	46.187	117
Sveti Štefan	3264	15.494	46.185	3870
Laško	3270	15.236	46.154	771
Šentrupert	3271	15.091	45.977	233
Rimske Toplice	3272	15.195	46.124	109
Jurklošter	3273	15.344	46.094	0
Petrovče	3301	15.189	46.244	47
Griže	3302	15.154	46.23	8
Gomilsko	3303	15.043	46.253	7
Tabor	3304	15.017	46.235	2920
Vransko	3305	14.951	46.244	141
Žalec	3310	15.165	46.252	960
Šempeter v Savinjski dolini	3311	15.118	46.256	121
Prebold	3312	15.092	46.237	142
Polzela	3313	15.074	46.281	249
Braslovče	3314	15.04	46.288	51
Velenje	3320	15.111	46.362	5230
Velenje – P.P.	3322	15.111	46.362	2
Šoštanj	3325	15.046	46.378	600
Topolšica	3326	15.019	46.403	325
Šmartno ob Paki	3327	15.028	46.342	10
Mozirje	3330	14.795	46.368	444
Nazarje	3331	14.923	46.282	869
Rečica ob Savinji	3332	14.922	46.324	4
Ljubno ob Savinji	3333	14.834	46.344	10
Luče	3334	14.44	46.21	28600
Solčava	3335	14.692	46.42	463
Šmartno ob Dreti	3341	14.889	46.284	4
Gornji Grad	3342	14.806	46.296	1730
Kranj	4000	14.356	46.243	9510
Kranj – P.P.	4001	14.356	46.243	3
Zgornja Besnica	4201	14.276	46.264	6
Naklo	4202	14.316	46.272	471
Duplje	4203	13.95	45.864	2
Golnik	4204	14.333	46.327	4
Preddvor	4205	14.422	46.302	516
Zgornje Jezersko	4206	14.498	46.394	10
Cerklje na Gorenjskem	4207	14.487	46.253	787
Šenčur	4208	14.419	46.243	702
Žabnica	4209	14.331	46.196	39
Brnik – Aerodrom	4210	14.456	46.226	6
Mavčiče	4211	14.406	46.185	39
Visoko	4212	14.576	45.885	2970
Škofja Loka	4220	14.306	46.167	2370
Poljane nad Škofjo Loko	4223	14.186	46.121	10
Gorenja vas	4224	14.144	46.106	1190
Sovodenj	4225	14.038	46.085	1
Žiri	4226	14.112	46.051	767
Selca	4227	14.203	46.224	368
Železniki	4228	14.169	46.225	1480
Sorica	4229	14.046	46.219	122
Radovljica	4240	14.174	46.344	1170
Brezje	4243	14.233	46.329	1390
Podnart	4244	14.255	46.296	6
Kropa	4245	14.204	46.291	109
Kamna Gorica	4246	14.194	46.316	5
Zgornje Gorje	4247	14.068	46.379	124
Lesce	4248	14.159	46.361	264
Bled	4260	14.115	46.368	15900
Bohinjska Bela	4263	14.06	46.341	250
Bohinjska Bistrica	4264	13.956	46.272	261
Bohinjsko jezero	4265	13.859	46.284	362
Srednja vas v Bohinju	4267	13.926	46.297	188
Jesenice	4270	14.053	46.437	1410
Blejska Dobrava	4273	14.099	46.408	10
Žirovnica	4274	14.154	46.395	194
Begunje na Gorenjskem	4275	14.202	46.377	181
Hrušica	4276	14.02	46.448	353
Kranjska Gora	4280	13.786	46.485	2260
Mojstrana	4281	13.94	46.461	228
Gozd Martuljek	4282	13.845	46.485	123
Rateče – Planica	4283	13.723	46.475	138
Tržič	4290	14.301	46.359	964
Križe	4294	14.3	46.34	685
Nova Gorica	5000	13.649	45.955	4890
Nova Gorica – P.P.	5001	13.649	45.955	8490
Deskle	5210	13.614	46.053	659
Kojsko	5211	13.575	46.006	86
Dobrovo v Brdih	5212	13.52	45.992	171
Kanal	5213	13.634	46.085	4300
Kal nad Kanalom	5214	13.742	46.083	2
Ročinj	5215	13.671	46.109	2
Most na Soči	5216	13.743	46.152	802
Tolmin	5220	13.732	46.186	2190
Kobarid	5222	13.579	46.246	978
Breginj	5223	13.426	46.263	85
Srpenica	5224	13.499	46.291	65
Bovec	5230	13.552	46.338	1980
Log pod Mangartom	5231	13.599	46.403	95
Soča	5232	13.596	46.051	3580
Grahovo ob Bači	5242	13.866	46.157	8
Podbrdo	5243	13.974	46.215	8
Solkan	5250	13.646	45.968	317
Grgar	5251	13.675	46.0	3
Trnovo pri Gorici	5252	13.781	45.999	8
Čepovan	5253	13.792	46.048	1
Šempas	5261	13.744	45.928	10
Črniče	5262	13.777	45.908	5
Dobravlje	5263	13.841	45.885	25
Ajdovščina	5270	13.91	45.887	929
Vipava	5271	13.963	45.846	893
Podnanos	5272	13.972	45.797	1
Col	5273	14.001	45.881	19200
Črni Vrh nad Idrijo	5274	14.048	45.924	8
Godovič	5275	14.092	45.958	4
Idrija	5280	14.028	46.003	1480
Spodnja Idrija	5281	14.025	46.032	111
Cerkno	5282	13.989	46.129	828
Slap ob Idrijci	5283	13.805	46.121	7
Šempeter pri Gorici	5290	13.64	45.928	548
Miren	5291	13.608	45.895	1640
Renče	5292	13.67	45.89	51
Volčja Draga	5293	13.674	45.904	90
Dornberk	5294	13.738	45.888	6
Branik	5295	13.788	45.855	162
Kostanjevica na Krasu	5296	13.641	45.844	4
Prvačina	5297	13.715	45.889	6
Koper/Capodistria	6000	13.73	45.548	2760
Koper/Capodistria – P.P.	6001	13.73	45.548	2740
Sežana	6210	13.874	45.709	1190
Divača	6215	13.97	45.683	520
Podgorje	6216	13.953	45.528	8
Vremski Britof	6217	14.029	45.657	7
Lokev	6219	13.928	45.661	78
Dutovlje	6221	13.833	45.756	79
Štanjel	6222	13.844	45.823	142
Komen	6223	13.748	45.818	1730
Senožeče	6224	14.039	45.72	64
Hruševje	6225	14.117	45.762	28
Postojna	6230	14.213	45.775	3080
Planina	6232	14.252	45.83	1400
Kozina	6240	13.937	45.609	1820
Materija	6242	13.996	45.58	114
Obrov	6243	14.087	45.543	8
Podgrad	6244	14.146	45.524	92
Ilirska Bistrica	6250	14.242	45.57	532
Ilirska Bistrica-Trnovo	6251	14.24	45.572	3
Knežak	6253	14.245	45.625	5
Jelšane	6254	14.272	45.501	4
Prem	6255	14.183	45.605	8
Košana	6256	14.116	45.687	2
Pivka	6257	14.196	45.683	781
Prestranek	6258	14.183	45.731	136
Dekani	6271	13.813	45.549	161
Gračišče	6272	13.878	45.505	7
Marezige	6273	13.8	45.508	67
Šmarje	6274	13.718	45.5	856
Črni Kal	6275	13.878	45.55	485
Pobegi	6276	13.797	45.54	69
Ankaran/Ancarano	6280	13.736	45.579	134
Škofije	6281	13.802	45.572	458
Izola/Isola	6310	13.66	45.537	445
Portorož/Portorose	6320	13.591	45.514	1980
Piran/Pirano	6330	13.568	45.528	479
Sečovlje/Sicciole	6333	13.618	45.476	104
Novo mesto	8000	15.171	45.801	4690
Novo mesto – P.P.	8001	15.171	45.801	31000
Trebnje	8210	15.013	45.908	1040
Dobrnič	8211	14.979	45.876	1
Velika Loka	8212	14.968	45.93	978
Veliki Gaber	8213	14.907	45.937	111
Mirna Peč	8216	15.088	45.848	268
Šmarješke Toplice	8220	15.235	45.868	10
Otočec	8222	15.221	45.834	10
Mokronog	8230	15.146	45.943	9
Trebelno	8231	15.15	45.912	3
Šentrupert	8232	15.091	45.977	233
Mirna	8233	15.062	45.951	1230
Brežice	8250	15.596	45.909	1150
Čatež ob Savi	8251	15.602	45.891	48
Artiče	8253	15.584	45.953	4
Globoko	8254	15.634	45.955	6
Pišece	8255	15.646	46.003	4
Sromlje	8256	15.593	45.989	3
Dobova	8257	15.66	45.897	261
Kapele	8258	15.677	45.93	382
Bizeljsko	8259	15.693	46.015	8
Jesenice na Dolenjskem	8261	15.646	45.852	430
Krška vas	8262	15.571	45.891	795
Cerklje ob Krki	8263	15.52	45.884	222
Krško	8270	15.492	45.959	2580
Zdole	8272	15.544	45.976	1
Leskovec pri Krškem	8273	15.477	45.94	280
Raka	8274	15.382	45.928	18300
Škocjan	8275	13.993	45.665	1240
Bučka	8276	15.318	45.929	4
Brestanica	8280	15.477	45.996	75
Senovo	8281	15.476	46.019	171
Koprivnica	8282	15.541	46.036	1360
Blanca	8283	15.389	45.992	10
Sevnica	8290	15.298	46.013	975
Zabukovje	8292	14.316	46.248	1
Studenec	8293	15.35	45.971	190
Boštanj	8294	15.282	46.013	10
Tržišče	8295	15.194	45.958	7
Krmelj	8296	15.187	45.984	2
Šentjanž	8297	15.169	46.011	9
Šentjernej	8310	15.335	45.817	10
Kostanjevica na Krki	8311	15.422	45.845	324
Podbočje	8312	15.466	45.863	4
Brusnice	8321	15.274	45.791	70
Stopiče	8322	15.209	45.769	40
Uršna sela	8323	15.125	45.718	2
Metlika	8330	15.318	45.647	738
Suhor	8331	15.107	45.82	0
Gradac	8332	15.245	45.614	137
Semič	8333	15.182	45.652	1620
Črnomelj	8340	15.193	45.571	758
Adlešiči	8341	15.311	45.522	5
Stari trg ob Kolpi	8342	15.077	45.494	182
Dragatuš	8343	15.177	45.52	6
Vinica	8344	15.254	45.461	9
Dolenjske Toplice	8350	15.059	45.756	702
Straža	8351	15.095	45.777	338
Žužemberk	8360	14.93	45.831	8
Dvor	8361	14.968	45.808	1340
Hinje	8362	14.886	45.766	2
Murska Sobota	9000	16.161	46.658	3950
Murska Sobota – P.P.	9001	16.161	46.658	5710
Puconci	9201	16.157	46.705	4
Mačkovci	9202	16.163	46.784	40
Petrovci	9203	16.182	46.837	1
Šalovci	9204	16.288	46.824	1
Hodoš/Hodos	9205	16.321	46.831	0
Križevci	9206	16.109	46.57	1230
Prosenjakovci/Partosfalva	9207	16.313	46.74	1
Fokovci	9208	16.264	46.737	3
Lendava/Lendva	9220	16.453	46.564	123
Martjanci	9221	16.191	46.685	39
Bogojina	9222	16.277	46.678	8
Dobrovnik/Dobronak	9223	16.343	46.652	2
Turnišče	9224	16.314	46.625	9
Velika Polana	9225	16.345	46.573	6
Moravske Toplice	9226	16.222	46.686	494
Kobilje	9227	16.398	46.687	4
Beltinci	9231	16.237	46.608	1720
Črenšovci	9232	16.288	46.572	6
Odranci	9233	16.276	46.585	8
Ljutomer	9240	16.198	46.519	680
Veržej	9241	16.164	46.583	143
Križevci pri Ljutomeru	9242	16.137	46.566	388
Mala Nedelja	9243	16.052	46.523	337
Sveti Jurij ob Ščavnici	9244	16.023	46.563	114
Spodnji Ivanjci	9245	15.981	46.593	73
Gornja Radgona	9250	15.991	46.677	1080
Tišina	9251	16.083	46.651	10
Radenci	9252	16.04	46.644	625
Apače	9253	15.91	46.698	72
Cankova	9261	16.02	46.718	46
Rogašovci	9262	16.034	46.808	1420
Kuzma	9263	16.081	46.835	8
Grad	9264	16.099	46.79	9740
Bodonci	9265	16.095	46.75	20