21 63 69 87 
21 79 
109 109 84 
104 7 87 
86 59 
52 16 29 
69 64 33 
94 23 
66 49 23 29 29 
75 84 91 
59 27 24 37 105 
61 
101 59 22 67 
93 74 95 14 99 
12 
3 
56 
15 6 105 120 
32 35 
105 7 
36 
100 1 10 
56 74 16 
73 114 56 65 94 
20 77 107 
65 71 53 
73 114 50 3 49 
67 118 81 45 118 
31 84 38 57 49 
21 116 55 91 86 
26 60 26 35 
111 61 
38 91 85 
40 105 57 74 
41 72 
61 117 74 
14 
36 58 12 
65 
74 110 1 
120 16 
76 111 111 
83 
41 
47 75 7 96 
85 
92 30 
110 53 81 103 
36 88 66 
88 62 58 
97 
59 13 15 10 90 
34 18 
39 65 19 116 
85 
65 78 
10 
26 
90 84 16 
52 16 93 83 107 
22 119 
17 57 16 13 17 
40 
50 
4 101 
42 
11 47 43 
96 8 73 49 
29 98 111 
31 110 
7 120 85 99 
83 
11 
35 82 61 37 67 
81 29 
10 34 79 26 88 
92 32 53 
61 
17 111 82 59 14 
66 108 54 38 40 
8 
36 15 100 31 
53 
111 
65 
6 26 
61 84 
43 
58 39 
50 
118 
29 54 119 
51 74 7 
77 61 
77 
22 
113 70 76 
73 97 
37 87 62 85 
88 93 115 
118 
69 119 
82 78 114 
84 
122 116 83 116 
86 70 
47 92 
74 70 82 36 
90 79 122 76 
121 
33 
4 55 22 
42 
111 
92 44 
122 87 78 84 
73 79 11 
37 
16 79 103 121 40 
30 104 101 29 3 
91 
21 68 
6 83 10 85 45 
87 38 51 92 
70 63 77 118 60 
110 36 
47 21 
69 
118 46 
48 71 50 85 
26 69 29 
117 60 122 26 31 
109 69 31 
86 113 
5 55 56 80 
63 93 83 112 103 
89 101 7 9 67 
77 41 
88 88 
61 56 87 47 48 
55 63 
10 85 
5 61 44 68 
113 9 
109 
118 120 85 
36 32 
95 74 37 44 
6 
120 65 47 
12 44 
0 52 116 
64 1 78 
115 100 25 2 82 
63 76 51 111 49 
0 80 
15 12 
111 
88 96 72 
115 13 95 70 
83 55 89 
31 
109 67 117 117 
69 47 100 17 42 
23 43 108 11 
55 
50 11 96 115 
46 115 
62 38 69 87 101 
122 27 
93 86 64 
119 69 2 
8 85 20 73 
113 99 94 1 86 
74 50 
2 87 60 7 
5 106 61 7 6 
19 59 27 14 66 
90 46 
56 82 
24 96 62 
67 87 36 52 
95 99 62 42 104 
119 61 113 89 
108 54 
72 13 
95 68 103 80 95 
92 114 77 10 
91 100 
101 58 26 37 116 
40 
60 16 83 25 111 
44 
107 35 15 55 61 
69 53 
49 28 20 86 
2 116 63 46 2 
117 47 20 17 
97 
83 109 100 
109 95 
100 108 40 37 99 
5 72 52 68 
92 39 
121 77 2 44 
88 15 27 
27 47 6 82 111 
66 11 49 90 
39 75 78 
116 
78 20 16 32 
117 21 60 1 18 
92 16 
7 
73 56 119 24 
64 92 118 
90 5 58 116 73 
80 5 97 67 66 
87 44 
41 113 107 36 
118 18 85 114 
48 96 66 
101 111 
48 94 86 
94 
28 35 120 73 85 
13 
53 81 89 40 98 
8 49 74 78 77 
8 120 82 38 
45 120 91 
111 57 
51 61 
92 121 
114 103 85 5 
15 121 114 
50 98 62 
22 8 29 100 
86 
76 
16 92 49 108 
60 
56 36 
30 75 7 
19 
107 28 107 
11 29 24 
110 107 73 67 
23 21 
53 15 56 63 76 
118 119 
112 43 108 103 
68 110 119 44 118 
96 5 79 14 
16 40 50 35 
62 85 86 31 
34 69 
93 62 56 68 
57 101 41 23 29 
19 37 72 114 
86 39 17 
19 25 110 12 14 
67 10 
68 
49 30 75 
47 
27 24 23 
29 58 89 90 
103 59 51 4 88 
73 114 93 
112 52 56 56 
12 95 51 45 91 
35 122 16 96 
22 83 108 92 
38 101 116 93 
35 88 41 51 76 
42 45 114 
89 39 81 
7 
27 
104 92 50 
94 46 
13 109 55 23 
45 
39 105 
104 103 
86 106 95 
55 111 17 21 
16 
52 2 
80 45 83 50 10 
79 88 63 42 
104 108 104 
65 25 49 86 1 
113 46 81 57 
72 8 19 72 
26 94 69 
63 9 30 33 
12 76 87 74 
46 50 110 118 80 
106 40 
64 70 86 16 81 
11 112 
3 103 36 109 96 
27 16 53 97 59 
121 70 29 
103 20 81 
35 116 46 116 18 
8 98 33 84 
68 3 
64 47 
115 99 15 
112 101 5 
54 0 4 19 
21 35 
23 121 43 4 8 
47 96 119 12 
35 55 65 
97 49 
57 
68 88 
4 15 106 
49 89 30 102 
55 37 114 100 
122 115 31 66 
98 8 82 116 
13 108 84 
67 8 61 112 
93 101 
105 60 51 93 
97 
62 15 56 
55 111 114 2 
122 42 5 121 
49 105 73 59 99 
115 
58 0 73 
107 9 63 36 1 
106 117 84 
11 84 
95 13 
52 32 67 
78 34 47 87 17 
38 74 25 42 104 
45 
2 
1 13 49 35 
111 6 53 52 
99 19 16 5 
67 42 31 
73 87 121 67 
88 56 79 
46 
29 
45 
114 110 28 
86 
76 93 
28 
100 67 77 16 90 
41 
114 29 55 107 93 
109 36 1 5 
22 79 103 53 62 
122 117 47 51 
22 
41 29 
48 75 92 
77 
72 31 23 107 
116 99 104 32 105 
92 51 
93 55 12 35 
12 49 45 120 20 
32 66 36 86 
37 69 23 94 
28 40 53 
54 3 5 
112 
81 120 38 
85 29 
28 80 1 66 86 
57 
112 116 14 
3 50 58 
116 65 73 24 42 
27 8 36 
50 4 
107 
2 80 37 102 42 
16 34 64 70 
64 121 91 67 117 
74 
11 39 
73 21 23 63 8 
4 
42 113 10 
16 63 51 54 3 
18 31 
122 
18 37 52 
21 39 4 24 28 
19 93 
102 8 116 24 
8 80 
108 26 16 
8 7 76 
77 2 115 
63 
62 57 
11 11 110 
25 52 120 62 
42 79 99 115 54 
112 99 
47 
30 34 19 55 
106 12 
27 76 75 33 42 
27 
99 120 76 
47 90 97 
9 
91 7 108 
77 16 
82 16 105 65 121 
0 118 
66 
49 
1 
87 66 58 50 68 
31 2 45 22 
101 107 59 51 63 
105 107 108 74 
48 0 
89 100 
81 54 85 87 
0 
42 
92 1 50 87 34 
89 
26 116 45 
119 27 
16 100 65 80 
72 81 38 111 76 
114 93 89 77 
91 37 31 
112 14 26 0 
37 105 65 11 
11 
58 37 58 8 
35 36 64 13 
76 30 119 61 27 
103 50 72 52 
113 29 56 106 54 
75 109 32 51 53 
60 92 
16 50 
96 58 84 
5 9 87 74 91 
74 45 7 112 
78 82 4 77 5 
31 102 52 30 
44 
118 87 
10 2 98 116 13 
85 
20 89 62 58 44 
71 25 57 
66 85 
29 117 
13 
85 94 94 64 
47 83 14 
100 68 72 7 3 
99 61 43 79 
50 96 66 112 1 
106 
41 99 
55 121 35 55 30 
85 31 80 109 64 
68 75 32 11 49 
42 
78 16 38 99 
35 96 108 120 
103 
84 86 41 77 100 
43 10 116 45 70 
34 
39 89 22 40 62 
87 
120 
58 
115 30 120 
113 97 
12 60 68 8 
34 54 40 74 
10 
40 
65 58 
42 39 37 
11 94 90 113 0 
84 66 
46 7 119 
17 
17 45 80 79 78 
67 110 27 75 
95 25 68 103 
67 104 55 
104 94 89 
33 62 
54 106 30 
113 62 43 48 8 
34 31 
84 28 114 
96 120 38 19 
39 107 103 41 40 
14 100 53 
45 
72 52 16 3 
30 11 112 104 115 
104 
75 89 21 
45 40 114 91 104 
2 47 119 
18 80 117 
24 
66 56 97 40 60 
29 67 49 81 103 
20 24 16 29 
41 
122 16 90 70 96 
87 18 118 84 
52 
52 48 56 63 17 
55 118 100 
17 
14 27 37 101 42 
39 45 
91 56 36 
94 9 
33 67 66 
54 30 35 
32 27 25 
36 
27 89 14 
70 105 9 45 33 
77 73 101 
117 44 36 66 
121 
69 55 87 
49 63 11 
55 95 75 40 
122 27 
44 63 53 76 
104 
88 113 25 
28 36 
88 112 77 41 68 
64 117 
112 86 
115 
79 20 74 29 
55 111 95 46 
93 
106 91 28 
6 121 88 93 
90 
113 45 5 6 
6 0 
65 35 26 
72 119 
110 
9 16 31 
112 117 49 
19 4 28 112 88 
18 
38 
76 
42 59 
33 50 
34 49 80 66 
58 82 2 
27 12 79 
9 13 93 
64 105 109 10 
98 46 
9 
99 
93 112 66 
31 19 
83 107 106 
38 120 50 0 74 
104 105 36 
89 29 4 1 
85 45 102 27 
36 
113 105 67 54 
110 74 105 14 
111 
32 91 16 47 39 
83 106 12 
16 89 119 
64 30 14 20 
113 52 11 
21 81 87 
8 43 
94 31 41 77 
98 40 46 54 42 
70 
73 64 
101 104 18 
100 118 35 74 73 
21 115 107 106 122 
54 79 76 17 
107 71 8 85 
33 93 96 
44 23 79 26 66 
35 
46 105 92 120 90 
104 88 28 73 
120 82 52 112 
122 107 43 
8 78 
107 118 87 95 32 
86 103 68 11 91 
63 1 59 52 111 
37 116 3 
64 
80 39 
73 
37 81 95 97 112 
110 95 63 95 
76 119 27 
63 55 118 42 
28 73 
8 89 99 44 94 
47 73 79 10 29 
83 
8 51 33 9 
80 
86 21 25 
42 29 
110 116 
41 106 
85 101 69 104 76 
8 109 114 
33 39 
53 4 
121 78 113 36 62 
107 118 82 110 
49 116 63 
55 72 15 117 21 
54 83 
2 23 74 86 16 
55 
61 62 
66 64 
39 12 50 90 38 
113 
50 122 
54 
69 31 
6 96 35 
97 
32 120 
113 88 16 
82 62 33 51 
40 38 114 50 
12 112 
59 107 90 11 
75 12 18 121 
8 66 107 6 97 
104 55 
44 
10 29 26 17 
21 
101 45 37 32 
107 26 
105 62 
6 15 45 
115 
68 27 85 18 
21 
0 93 97 8 97 
21 95 87 16 58 
80 110 17 
38 11 67 
122 
41 75 27 
87 31 
7 
64 12 56 
111 13 37 13 35 
26 79 
98 46 
65 66 42 122 
115 100 
102 
42 61 38 37 
35 49 38 76 0 
85 31 13 28 38 
10 26 26 106 67 
71 109 
85 42 85 
117 73 53 
57 
32 122 35 103 100 
119 5 
47 79 47 107 
98 
60 8 92 8 0 
39 114 51 63 62 
46 31 
70 79 47 105 
102 49 83 120 
85 
86 39 102 31 98 
93 113 54 100 
0 
84 86 
48 16 42 97 
10 
14 70 122 
5 
37 114 
56 42 
106 28 98 
82 53 
52 79 61 77 
79 
47 109 122 30 96 
13 52 95 91 12 
104 9 88 
79 
100 10 
0 108 100 37 115 
54 
100 
70 
47 116 
57 
109 46 75 28 
13 5 44 79 84 
90 29 
90 
65 44 107 
65 96 12 3 44 
67 44 
6 119 70 80 35 
25 
26 94 76 64 
35 83 58 35 
117 115 
15 
34 75 72 101 1 
76 
95 55 1 108 
28 106 
93 
35 3 19 13 
110 78 
43 102 
102 43 
113 24 
40 59 26 
25 71 
37 27 104 13 
54 
48 48 
64 109 75 84 48 
109 99 113 95 
22 114 
85 
55 95 53 48 
94 96 45 
62 35 89 58 25 
4 95 28 63 
0 48 14 30 50 
92 111 94 118 
31 
58 4 69 87 37 
6 27 
20 70 92 57 61 
58 93 83 86 74 
108 32 
103 60 116 35 117 
39 32 23 
19 26 50 
6 
68 67 40 113 
24 34 17 
119 110 95 
81 
12 114 120 99 37 
93 84 71 7 
28 
17 49 66 93 5 
31 
110 103 70 
60 4 90 36 38 
74 46 51 62 
57 45 
100 101 100 84 
86 4 
83 40 
30 
27 115 37 57 112 
22 33 
101 74 
79 83 3 22 44 
104 10 44 37 
82 
117 32 57 17 83 
83 
82 112 
98 63 65 59 
45 
84 95 30 47 
101 37 15 
25 35 
11 21 18 48 104 
30 
108 3 26 44 
122 
51 88 73 
35 93 
32 
37 75 88 73 
89 61 50 
59 
3 2 9 46 
78 
93 96 101 9 
5 
37 67 
121 62 29 61 
23 56 47 1 57 
115 12 44 74 29 
81 
67 
101 77 15 
106 103 47 94 79 
74 84 117 
100 
108 87 25 
39 52 36 27 
69 45 92 
13 23 66 
90 98 63 83 
39 62 35 78 120 
44 0 34 121 
92 
45 
47 101 113 96 14 
85 115 21 111 23 
24 
101 102 49 
88 
81 92 42 107 
15 49 52 94 
112 28 111 
112 73 55 25 78 
85 
53 
30 55 
53 57 
105 79 85 15 
95 43 1 
64 
44 118 56 2 15 
9 105 53 10 79 
99 75 13 
62 54 
85 40 
100 15 0 65 
5 118 69 
12 
43 23 35 57 
76 71 61 
28 
12 3 
69 9 
55 97 117 
66 
76 119 12 
73 42 24 65 71 
95 68 53 12 
111 20 
57 52 14 
22 39 98 118 
63 0 
74 9 64 
70 45 
111 10 52 
96 115 3 
61 
57 
19 
3 36 
101 15 88 87 
102 122 
121 64 88 55 109 
44 55 
70 35 49 85 69 
67 116 
108 48 46 79 36 
122 104 
84 117 45 47 
111 45 14 103 2 
7 65 40 61 26 
55 24 95 103 
46 22 
63 
9 102 
4 101 6 75 7 
87 13 76 27 
22 78 96 93 17 
110 79 51 121 80 
98 
114 117 
32 26 13 42 72 
114 6 8 17 
48 121 4 
61 98 1 101 82 
23 91 29 2 
80 
105 85 18 
105 64 
114 
12 35 97 118 
92 53 46 32 42 
74 41 94 88 
62 3 103 
35 55 78 35 
80 39 11 107 28 
82 78 12 
21 11 
95 71 90 13 68 
53 55 82 52 32 
76 46 81 111 18 
61 86 
52 34 
105 121 30 
103 74 53 43 
29 
38 
26 29 38 
50 81 65 97 3 
43 96 15 65 121 
20 
113 86 
13 85 
74 118 86 11 
82 
111 98 56 49 2 
78 18 3 48 89 
111 31 55 
67 
40 
104 58 93 
44 15 
91 
15 97 53 
97 28 69 
106 17 67 
30 45 
46 70 31 
33 42 1 22 
6 52 41 73 16 
30 
112 10 5 91 61 
3 
36 76 75 31 
107 54 89 50 16 
36 56 93 45 103 
85 89 
38 24 19 109 117 
21 84 
45 7 68 
92 104 13 
26 
72 70 25 
21 98 
113 106 
43 102 120 115 78 
121 
94 
0 61 
8 88 
55 13 93 8 
70 39 84 78 110 
18 68 86 93 103 
11 39 11 
104 28 
66 
71 38 98 92 60 
10 81 56 70 
120 117 91 109 
45 
97 113 67 
